   1.00000000       33.0000000    
   4.97777748       30.0000000    
   8.95555496       152.000000    
   12.9333334       190.000000    
   16.9111099       288.000000    
   20.8888893       686.000000    
   24.8666668       818.000000    
   28.8444443       1238.00000    
   32.8222198       1681.00000    
   36.7999992       2022.00000    
   40.7777786       2520.00000    
   44.7555542       2687.00000    
   48.7333336       3074.00000    
   52.7111092       3077.00000    
   56.6888885       3329.00000    
   60.6666641       3420.00000    
   64.6444397       3430.00000    
   68.6222229       3458.00000    
   72.5999985       3452.00000    
   76.5777740       3601.00000    
   80.5555573       3529.00000    
   84.5333328       3454.00000    
   88.5111084       3528.00000    
   92.4888840       3495.00000    
   96.4666672       3332.00000    
   100.444443       3154.00000    
   104.422218       3136.00000    
   108.400002       3060.00000    
   112.377777       2829.00000    
   116.355553       2604.00000    
   120.333328       2631.00000    
   124.311111       2423.00000    
   128.288879       2377.00000    
   132.266663       2411.00000    
   136.244446       2335.00000    
   140.222214       2227.00000    
   144.199997       2240.00000    
   148.177780       2213.00000    
   152.155548       2151.00000    
   156.133331       1966.00000    
   160.111115       1645.00000    
   164.088882       1492.00000    
   168.066666       1221.00000    
   172.044449       812.000000    
   176.022217       473.000000    
   180.000000       76.0000000    
