0.28722041580449575    1.4823047889076406
5.283771800177341    2.5198291641244737
10.280323184550188    6.814697508045356
15.27687456892303    15.69397588199405
19.592078037245034    27.528992301618644
23.6347423391467    40.0511876562706
27.66501849712017    58.0442731699147
29.81229677800767    67.79217660218451
32.08345649817715    80.1250438654209
34.25367578633909    90.71208199909346
37.08000788254999    104.3130346098171
39.124051630702525    117.24662044347942
42.2582520445364    129.84578562968812
44.57483495910926    140.21017156862746
49.11715439944821    155.4670077203141
53.886589811804114    167.43312218114824
58.88314119617696    175.2797018746486
63.8796925805498    178.83087703592048
68.87624396492265    181.33594880905383
73.8727953492955    183.19384129490723
78.86934673366834    183.02011628324303
83.86589811804119    180.4142411082798
88.86244950241404    179.05339518357678
94.05367171994425    176.08961431328683
98.85555227115972    170.35749321082918
103.85210365553257    163.3184131085829
108.84865503990541    152.91743231764946
113.84520642427826    144.42420952517676
118.3875258646172    137.30684593002005
124.74677308109175    127.40880977162067
129.74332446546458    123.23458379691108
134.0585279337866    121.88338926174498
139.73642723421028    115.87539927502424
144.73297861858313    116.26145485650027
149.72953000295595    111.62878787878789
154.7260813873288    106.4239313785307
159.1985189901241    90.17380196787028
163.81072026800672    81.80599420976446
166.76322790422702    70.30475501162435
169.26150359641346    59.08662323990001
171.53266331658293    47.83310303987369
173.80382303675242    35.836425845506
176.07498275692188    23.415087511514685
178.34614247709135    10.35675746808792
180.16307025322695    0.530570542907725